[bmi.jpg]
filters=Holga=1,0.000000,0.000000,23.976608;
moddate=53c9db5d5d20d701
width=660
height=370
textactive=0
