[header.jpg]
filters=Vignette=1,50.000000,1.461988,0.000000,00000000;Soften=1,16.959064,0.584795;Orton=1,25.000000,50.000000,0.000000;Vignette=1,50.000000,2.000000,0.000000,00000000;
moddate=0835b5f8a61dd701
width=2048
height=1536
textactive=0
[bmi.jpg]
filters=IR=1,0.000000;glow2=1,0.650000,3.000000;dir_tint=1,0.483333,0.000000,0.081871,0.157895,ffdbfcff,0;
moddate=103819135f20d701
width=660
height=370
textactive=0
