[header.jpg]
filters=Vignette=1,50.000000,1.461988,0.000000,00000000;Soften=1,16.959064,0.584795;Orton=1,25.000000,50.000000,0.000000;Vignette=1,50.000000,2.000000,0.000000,00000000;
moddate=0835b5f8a61dd701
width=2048
height=1536
textactive=0
[bmi.jpg]
filters=crop64=1,ffffab37;sepia=1;radblur=1,0.335587,0.727648,1.000000,-0.719298;sepia=1;
crop=rect64(ffffab37)
moddate=6fd42a6ae620d701
width=2560
height=1709
textactive=0
